function J = jet2(m)
%JET    Variant of HSV.
%   JET(M), a variant of HSV(M), is the colormap used with the
%   NCSA fluid jet image.
%   JET, by itself, is the same length as the current colormap.
%   Use COLORMAP(JET).
%
%   See also HSV, HOT, PINK, FLAG, COLORMAP, RGBPLOT.

%   C. B. Moler, 5-10-91, 8-19-92.
%   Copyright (c) 1984-98 by The MathWorks, Inc.
%   $Revision: 5.3 $  $Date: 1997/11/21 23:33:51 $

J=[      0         0    0
         0         0    0.25
         0         0    0.5
         0         0    0.7500
         0         0    0.8125
         0         0    0.8750
         0         0    0.9375
         0         0    1.0000
         0    0.0625    1.0000
         0    0.1250    1.0000
         0    0.1875    1.0000
         0    0.2500    1.0000
         0    0.3125    1.0000
         0    0.3750    1.0000
         0    0.4375    1.0000
         0    0.5000    1.0000
         0    0.5625    1.0000
         0    0.6250    1.0000
         0    0.6875    1.0000
         0    0.7500    1.0000
         0    0.8125    1.0000
         0    0.8750    1.0000
         0    0.9375    1.0000
         0    1.0000    1.0000
    0.0625    1.0000    1.0000
    0.1250    1.0000    0.9375
    0.1875    1.0000    0.8750
    0.2500    1.0000    0.8125
    0.3125    1.0000    0.7500
    0.3750    1.0000    0.6875
    0.4375    1.0000    0.6250
    0.5000    1.0000    0.5625
    0.5625    1.0000    0.5000
    0.6250    1.0000    0.4375
    0.6875    1.0000    0.3750
    0.7500    1.0000    0.3125
    0.8125    1.0000    0.2500
    0.8750    1.0000    0.1875
    0.9375    1.0000    0.1250
    1.0000    1.0000    0.0625
    1.0000    1.0000         0
    1.0000    0.9375         0
    1.0000    0.8750         0
    1.0000    0.8125         0
    1.0000    0.7500         0
    1.0000    0.6875         0
    1.0000    0.6250         0
    1.0000    0.5625         0
    1.0000    0.5000         0
    1.0000    0.4375         0
    1.0000    0.3750         0
    1.0000    0.3125         0
    1.0000    0.2500         0
    1.0000    0.1875         0
    1.0000    0.1250         0
    1.0000    0.0625         0
    1.0000         0         0
    1.0000    0.1429    0.1429
    1.0000    2*.1429    2*.1429
    1.0000    3*.1429    3*.1429
    1.0000    4*.1429    4*.1429
    1.0000    5*.1429    5*.1429
    1.0000    6*.1429    6*.1429
    1.0000    1.0000    1.0000];